2023-04-02 22:19:52.652298 - Initialized conversion of CBT168
2023-04-02 22:19:53.081248 - Received CBT.V504.FILE168.PDS from FILE168.XMI 
2023-04-02 22:19:53.084284 - Found $$$#DATE.txt (text/plain) in CBT.V504.FILE168.PDS, moved to PDS/$$$#DATE
2023-04-02 22:19:53.085589 - Found $DOC.txt (text/plain) in CBT.V504.FILE168.PDS, moved to PDS/$DOC
2023-04-02 22:19:53.086758 - Found @FILE168.txt (text/plain) in CBT.V504.FILE168.PDS, moved to PDS/@FILE168
2023-04-02 22:19:53.088195 - Found ASMH.txt (text/plain) in CBT.V504.FILE168.PDS, moved to PDS/ASMH
2023-04-02 22:19:53.089297 - Found ASMH$.jcl (text/plain) in CBT.V504.FILE168.PDS, moved to PDS/ASMH$
2023-04-02 22:19:53.090231 - Found ASMH#.txt (text/plain) in CBT.V504.FILE168.PDS, moved to PDS/ASMH#
2023-04-02 22:19:53.091147 - Found CATPW.txt (text/plain) in CBT.V504.FILE168.PDS, moved to PDS/CATPW
2023-04-02 22:19:53.092432 - Found COPYPDS.txt (text/plain) in CBT.V504.FILE168.PDS, moved to PDS/COPYPDS
2023-04-02 22:19:53.093344 - Found COPYPDS$.jcl (text/plain) in CBT.V504.FILE168.PDS, moved to PDS/COPYPDS$
2023-04-02 22:19:53.094440 - Found COPYPDS#.txt (text/plain) in CBT.V504.FILE168.PDS, moved to PDS/COPYPDS#
2023-04-02 22:19:53.095718 - Found CUTC01.txt (text/plain) in CBT.V504.FILE168.PDS, moved to PDS/CUTC01
2023-04-02 22:19:53.096671 - Found CUTC02.txt (text/plain) in CBT.V504.FILE168.PDS, moved to PDS/CUTC02
2023-04-02 22:19:53.097522 - Found CUTDOC.txt (text/plain) in CBT.V504.FILE168.PDS, moved to PDS/CUTDOC
2023-04-02 22:19:53.098377 - Found CUTD01.txt (text/plain) in CBT.V504.FILE168.PDS, moved to PDS/CUTD01
2023-04-02 22:19:53.099318 - Found CUTD02.txt (text/plain) in CBT.V504.FILE168.PDS, moved to PDS/CUTD02
2023-04-02 22:19:53.100661 - Found CUTH01.txt (text/plain) in CBT.V504.FILE168.PDS, moved to PDS/CUTH01
2023-04-02 22:19:53.101784 - Found CUTH02.txt (text/plain) in CBT.V504.FILE168.PDS, moved to PDS/CUTH02
2023-04-02 22:19:53.102693 - Found CUTJ01.jcl (text/plain) in CBT.V504.FILE168.PDS, moved to PDS/CUTJ01
2023-04-02 22:19:53.103569 - Found CUTJ02.jcl (text/plain) in CBT.V504.FILE168.PDS, moved to PDS/CUTJ02
2023-04-02 22:19:53.104453 - Found CUTL01.txt (text/plain) in CBT.V504.FILE168.PDS, moved to PDS/CUTL01
2023-04-02 22:19:53.105355 - Found CUTL02.txt (text/plain) in CBT.V504.FILE168.PDS, moved to PDS/CUTL02
2023-04-02 22:19:53.106234 - Found CVD.txt (text/plain) in CBT.V504.FILE168.PDS, moved to PDS/CVD
2023-04-02 22:19:53.107131 - Found CVD$.jcl (text/plain) in CBT.V504.FILE168.PDS, moved to PDS/CVD$
2023-04-02 22:19:53.108277 - Found CVD#.txt (text/plain) in CBT.V504.FILE168.PDS, moved to PDS/CVD#
2023-04-02 22:19:53.109184 - Found CVX.txt (text/plain) in CBT.V504.FILE168.PDS, moved to PDS/CVX
2023-04-02 22:19:53.110040 - Found CVX$.jcl (text/plain) in CBT.V504.FILE168.PDS, moved to PDS/CVX$
2023-04-02 22:19:53.111029 - Found CVX#.txt (text/plain) in CBT.V504.FILE168.PDS, moved to PDS/CVX#
2023-04-02 22:19:53.112077 - Found DSPRINT.txt (text/plain) in CBT.V504.FILE168.PDS, moved to PDS/DSPRINT
2023-04-02 22:19:53.112949 - Found DSPRINT#.txt (text/plain) in CBT.V504.FILE168.PDS, moved to PDS/DSPRINT#
2023-04-02 22:19:53.114171 - Found FINDAZAP.txt (text/plain) in CBT.V504.FILE168.PDS, moved to PDS/FINDAZAP
2023-04-02 22:19:53.115198 - Found MEMBER.txt (text/plain) in CBT.V504.FILE168.PDS, moved to PDS/MEMBER
2023-04-02 22:19:53.116417 - Found MEMBER$.jcl (text/plain) in CBT.V504.FILE168.PDS, moved to PDS/MEMBER$
2023-04-02 22:19:53.117358 - Found MEMBER#.txt (text/plain) in CBT.V504.FILE168.PDS, moved to PDS/MEMBER#
2023-04-02 22:19:53.118501 - Found SHOWDS.txt (text/plain) in CBT.V504.FILE168.PDS, moved to PDS/SHOWDS
2023-04-02 22:19:53.119500 - Found SHOWDS$.jcl (text/plain) in CBT.V504.FILE168.PDS, moved to PDS/SHOWDS$
2023-04-02 22:19:53.120379 - Found SHOWDS#.txt (text/plain) in CBT.V504.FILE168.PDS, moved to PDS/SHOWDS#
2023-04-02 22:19:53.121238 - Found ULXDOC.txt (text/plain) in CBT.V504.FILE168.PDS, moved to PDS/ULXDOC
2023-04-02 22:19:53.122130 - Found ULXH02.txt (text/plain) in CBT.V504.FILE168.PDS, moved to PDS/ULXH02
2023-04-02 22:19:53.123008 - Found ULXJ01.jcl (text/plain) in CBT.V504.FILE168.PDS, moved to PDS/ULXJ01
2023-04-02 22:19:53.124222 - Found ULXL01.txt (text/plain) in CBT.V504.FILE168.PDS, moved to PDS/ULXL01
2023-04-02 22:19:53.125321 - Found ULXM01.txt (text/plain) in CBT.V504.FILE168.PDS, moved to PDS/ULXM01
2023-04-02 22:19:53.126274 - Found ULXP01.txt (text/plain) in CBT.V504.FILE168.PDS, moved to PDS/ULXP01
2023-04-02 22:19:53.127198 - Found ULXP02.txt (text/plain) in CBT.V504.FILE168.PDS, moved to PDS/ULXP02
2023-04-02 22:19:53.128123 - Found ULXP03.txt (text/plain) in CBT.V504.FILE168.PDS, moved to PDS/ULXP03
2023-04-02 22:19:53.128985 - Found XBE.txt (text/plain) in CBT.V504.FILE168.PDS, moved to PDS/XBE
2023-04-02 22:19:53.129843 - Found XBE$.jcl (text/plain) in CBT.V504.FILE168.PDS, moved to PDS/XBE$
2023-04-02 22:19:53.130754 - Found XBEDOC.txt (text/plain) in CBT.V504.FILE168.PDS, moved to PDS/XBEDOC
